Gray codes for n = 10 bit
i	 	p		B
0	-	1	-	0 0 0 0 0 0 0 0 0 0 
1	-	1	-	0 0 0 0 0 0 0 0 0 1 
2	-	2	-	0 0 0 0 0 0 0 0 1 1 
3	-	1	-	0 0 0 0 0 0 0 0 1 0 
4	-	3	-	0 0 0 0 0 0 0 1 1 0 
5	-	1	-	0 0 0 0 0 0 0 1 1 1 
6	-	2	-	0 0 0 0 0 0 0 1 0 1 
7	-	1	-	0 0 0 0 0 0 0 1 0 0 
8	-	4	-	0 0 0 0 0 0 1 1 0 0 
9	-	1	-	0 0 0 0 0 0 1 1 0 1 
10	-	2	-	0 0 0 0 0 0 1 1 1 1 
11	-	1	-	0 0 0 0 0 0 1 1 1 0 
12	-	3	-	0 0 0 0 0 0 1 0 1 0 
13	-	1	-	0 0 0 0 0 0 1 0 1 1 
14	-	2	-	0 0 0 0 0 0 1 0 0 1 
15	-	1	-	0 0 0 0 0 0 1 0 0 0 
16	-	5	-	0 0 0 0 0 1 1 0 0 0 
17	-	1	-	0 0 0 0 0 1 1 0 0 1 
18	-	2	-	0 0 0 0 0 1 1 0 1 1 
19	-	1	-	0 0 0 0 0 1 1 0 1 0 
20	-	3	-	0 0 0 0 0 1 1 1 1 0 
21	-	1	-	0 0 0 0 0 1 1 1 1 1 
22	-	2	-	0 0 0 0 0 1 1 1 0 1 
23	-	1	-	0 0 0 0 0 1 1 1 0 0 
24	-	4	-	0 0 0 0 0 1 0 1 0 0 
25	-	1	-	0 0 0 0 0 1 0 1 0 1 
26	-	2	-	0 0 0 0 0 1 0 1 1 1 
27	-	1	-	0 0 0 0 0 1 0 1 1 0 
28	-	3	-	0 0 0 0 0 1 0 0 1 0 
29	-	1	-	0 0 0 0 0 1 0 0 1 1 
30	-	2	-	0 0 0 0 0 1 0 0 0 1 
31	-	1	-	0 0 0 0 0 1 0 0 0 0 
32	-	6	-	0 0 0 0 1 1 0 0 0 0 
33	-	1	-	0 0 0 0 1 1 0 0 0 1 
34	-	2	-	0 0 0 0 1 1 0 0 1 1 
35	-	1	-	0 0 0 0 1 1 0 0 1 0 
36	-	3	-	0 0 0 0 1 1 0 1 1 0 
37	-	1	-	0 0 0 0 1 1 0 1 1 1 
38	-	2	-	0 0 0 0 1 1 0 1 0 1 
39	-	1	-	0 0 0 0 1 1 0 1 0 0 
40	-	4	-	0 0 0 0 1 1 1 1 0 0 
41	-	1	-	0 0 0 0 1 1 1 1 0 1 
42	-	2	-	0 0 0 0 1 1 1 1 1 1 
43	-	1	-	0 0 0 0 1 1 1 1 1 0 
44	-	3	-	0 0 0 0 1 1 1 0 1 0 
45	-	1	-	0 0 0 0 1 1 1 0 1 1 
46	-	2	-	0 0 0 0 1 1 1 0 0 1 
47	-	1	-	0 0 0 0 1 1 1 0 0 0 
48	-	5	-	0 0 0 0 1 0 1 0 0 0 
49	-	1	-	0 0 0 0 1 0 1 0 0 1 
50	-	2	-	0 0 0 0 1 0 1 0 1 1 
51	-	1	-	0 0 0 0 1 0 1 0 1 0 
52	-	3	-	0 0 0 0 1 0 1 1 1 0 
53	-	1	-	0 0 0 0 1 0 1 1 1 1 
54	-	2	-	0 0 0 0 1 0 1 1 0 1 
55	-	1	-	0 0 0 0 1 0 1 1 0 0 
56	-	4	-	0 0 0 0 1 0 0 1 0 0 
57	-	1	-	0 0 0 0 1 0 0 1 0 1 
58	-	2	-	0 0 0 0 1 0 0 1 1 1 
59	-	1	-	0 0 0 0 1 0 0 1 1 0 
60	-	3	-	0 0 0 0 1 0 0 0 1 0 
61	-	1	-	0 0 0 0 1 0 0 0 1 1 
62	-	2	-	0 0 0 0 1 0 0 0 0 1 
63	-	1	-	0 0 0 0 1 0 0 0 0 0 
64	-	7	-	0 0 0 1 1 0 0 0 0 0 
65	-	1	-	0 0 0 1 1 0 0 0 0 1 
66	-	2	-	0 0 0 1 1 0 0 0 1 1 
67	-	1	-	0 0 0 1 1 0 0 0 1 0 
68	-	3	-	0 0 0 1 1 0 0 1 1 0 
69	-	1	-	0 0 0 1 1 0 0 1 1 1 
70	-	2	-	0 0 0 1 1 0 0 1 0 1 
71	-	1	-	0 0 0 1 1 0 0 1 0 0 
72	-	4	-	0 0 0 1 1 0 1 1 0 0 
73	-	1	-	0 0 0 1 1 0 1 1 0 1 
74	-	2	-	0 0 0 1 1 0 1 1 1 1 
75	-	1	-	0 0 0 1 1 0 1 1 1 0 
76	-	3	-	0 0 0 1 1 0 1 0 1 0 
77	-	1	-	0 0 0 1 1 0 1 0 1 1 
78	-	2	-	0 0 0 1 1 0 1 0 0 1 
79	-	1	-	0 0 0 1 1 0 1 0 0 0 
80	-	5	-	0 0 0 1 1 1 1 0 0 0 
81	-	1	-	0 0 0 1 1 1 1 0 0 1 
82	-	2	-	0 0 0 1 1 1 1 0 1 1 
83	-	1	-	0 0 0 1 1 1 1 0 1 0 
84	-	3	-	0 0 0 1 1 1 1 1 1 0 
85	-	1	-	0 0 0 1 1 1 1 1 1 1 
86	-	2	-	0 0 0 1 1 1 1 1 0 1 
87	-	1	-	0 0 0 1 1 1 1 1 0 0 
88	-	4	-	0 0 0 1 1 1 0 1 0 0 
89	-	1	-	0 0 0 1 1 1 0 1 0 1 
90	-	2	-	0 0 0 1 1 1 0 1 1 1 
91	-	1	-	0 0 0 1 1 1 0 1 1 0 
92	-	3	-	0 0 0 1 1 1 0 0 1 0 
93	-	1	-	0 0 0 1 1 1 0 0 1 1 
94	-	2	-	0 0 0 1 1 1 0 0 0 1 
95	-	1	-	0 0 0 1 1 1 0 0 0 0 
96	-	6	-	0 0 0 1 0 1 0 0 0 0 
97	-	1	-	0 0 0 1 0 1 0 0 0 1 
98	-	2	-	0 0 0 1 0 1 0 0 1 1 
99	-	1	-	0 0 0 1 0 1 0 0 1 0 
100	-	3	-	0 0 0 1 0 1 0 1 1 0 
101	-	1	-	0 0 0 1 0 1 0 1 1 1 
102	-	2	-	0 0 0 1 0 1 0 1 0 1 
103	-	1	-	0 0 0 1 0 1 0 1 0 0 
104	-	4	-	0 0 0 1 0 1 1 1 0 0 
105	-	1	-	0 0 0 1 0 1 1 1 0 1 
106	-	2	-	0 0 0 1 0 1 1 1 1 1 
107	-	1	-	0 0 0 1 0 1 1 1 1 0 
108	-	3	-	0 0 0 1 0 1 1 0 1 0 
109	-	1	-	0 0 0 1 0 1 1 0 1 1 
110	-	2	-	0 0 0 1 0 1 1 0 0 1 
111	-	1	-	0 0 0 1 0 1 1 0 0 0 
112	-	5	-	0 0 0 1 0 0 1 0 0 0 
113	-	1	-	0 0 0 1 0 0 1 0 0 1 
114	-	2	-	0 0 0 1 0 0 1 0 1 1 
115	-	1	-	0 0 0 1 0 0 1 0 1 0 
116	-	3	-	0 0 0 1 0 0 1 1 1 0 
117	-	1	-	0 0 0 1 0 0 1 1 1 1 
118	-	2	-	0 0 0 1 0 0 1 1 0 1 
119	-	1	-	0 0 0 1 0 0 1 1 0 0 
120	-	4	-	0 0 0 1 0 0 0 1 0 0 
121	-	1	-	0 0 0 1 0 0 0 1 0 1 
122	-	2	-	0 0 0 1 0 0 0 1 1 1 
123	-	1	-	0 0 0 1 0 0 0 1 1 0 
124	-	3	-	0 0 0 1 0 0 0 0 1 0 
125	-	1	-	0 0 0 1 0 0 0 0 1 1 
126	-	2	-	0 0 0 1 0 0 0 0 0 1 
127	-	1	-	0 0 0 1 0 0 0 0 0 0 
128	-	8	-	0 0 1 1 0 0 0 0 0 0 
129	-	1	-	0 0 1 1 0 0 0 0 0 1 
130	-	2	-	0 0 1 1 0 0 0 0 1 1 
131	-	1	-	0 0 1 1 0 0 0 0 1 0 
132	-	3	-	0 0 1 1 0 0 0 1 1 0 
133	-	1	-	0 0 1 1 0 0 0 1 1 1 
134	-	2	-	0 0 1 1 0 0 0 1 0 1 
135	-	1	-	0 0 1 1 0 0 0 1 0 0 
136	-	4	-	0 0 1 1 0 0 1 1 0 0 
137	-	1	-	0 0 1 1 0 0 1 1 0 1 
138	-	2	-	0 0 1 1 0 0 1 1 1 1 
139	-	1	-	0 0 1 1 0 0 1 1 1 0 
140	-	3	-	0 0 1 1 0 0 1 0 1 0 
141	-	1	-	0 0 1 1 0 0 1 0 1 1 
142	-	2	-	0 0 1 1 0 0 1 0 0 1 
143	-	1	-	0 0 1 1 0 0 1 0 0 0 
144	-	5	-	0 0 1 1 0 1 1 0 0 0 
145	-	1	-	0 0 1 1 0 1 1 0 0 1 
146	-	2	-	0 0 1 1 0 1 1 0 1 1 
147	-	1	-	0 0 1 1 0 1 1 0 1 0 
148	-	3	-	0 0 1 1 0 1 1 1 1 0 
149	-	1	-	0 0 1 1 0 1 1 1 1 1 
150	-	2	-	0 0 1 1 0 1 1 1 0 1 
151	-	1	-	0 0 1 1 0 1 1 1 0 0 
152	-	4	-	0 0 1 1 0 1 0 1 0 0 
153	-	1	-	0 0 1 1 0 1 0 1 0 1 
154	-	2	-	0 0 1 1 0 1 0 1 1 1 
155	-	1	-	0 0 1 1 0 1 0 1 1 0 
156	-	3	-	0 0 1 1 0 1 0 0 1 0 
157	-	1	-	0 0 1 1 0 1 0 0 1 1 
158	-	2	-	0 0 1 1 0 1 0 0 0 1 
159	-	1	-	0 0 1 1 0 1 0 0 0 0 
160	-	6	-	0 0 1 1 1 1 0 0 0 0 
161	-	1	-	0 0 1 1 1 1 0 0 0 1 
162	-	2	-	0 0 1 1 1 1 0 0 1 1 
163	-	1	-	0 0 1 1 1 1 0 0 1 0 
164	-	3	-	0 0 1 1 1 1 0 1 1 0 
165	-	1	-	0 0 1 1 1 1 0 1 1 1 
166	-	2	-	0 0 1 1 1 1 0 1 0 1 
167	-	1	-	0 0 1 1 1 1 0 1 0 0 
168	-	4	-	0 0 1 1 1 1 1 1 0 0 
169	-	1	-	0 0 1 1 1 1 1 1 0 1 
170	-	2	-	0 0 1 1 1 1 1 1 1 1 
171	-	1	-	0 0 1 1 1 1 1 1 1 0 
172	-	3	-	0 0 1 1 1 1 1 0 1 0 
173	-	1	-	0 0 1 1 1 1 1 0 1 1 
174	-	2	-	0 0 1 1 1 1 1 0 0 1 
175	-	1	-	0 0 1 1 1 1 1 0 0 0 
176	-	5	-	0 0 1 1 1 0 1 0 0 0 
177	-	1	-	0 0 1 1 1 0 1 0 0 1 
178	-	2	-	0 0 1 1 1 0 1 0 1 1 
179	-	1	-	0 0 1 1 1 0 1 0 1 0 
180	-	3	-	0 0 1 1 1 0 1 1 1 0 
181	-	1	-	0 0 1 1 1 0 1 1 1 1 
182	-	2	-	0 0 1 1 1 0 1 1 0 1 
183	-	1	-	0 0 1 1 1 0 1 1 0 0 
184	-	4	-	0 0 1 1 1 0 0 1 0 0 
185	-	1	-	0 0 1 1 1 0 0 1 0 1 
186	-	2	-	0 0 1 1 1 0 0 1 1 1 
187	-	1	-	0 0 1 1 1 0 0 1 1 0 
188	-	3	-	0 0 1 1 1 0 0 0 1 0 
189	-	1	-	0 0 1 1 1 0 0 0 1 1 
190	-	2	-	0 0 1 1 1 0 0 0 0 1 
191	-	1	-	0 0 1 1 1 0 0 0 0 0 
192	-	7	-	0 0 1 0 1 0 0 0 0 0 
193	-	1	-	0 0 1 0 1 0 0 0 0 1 
194	-	2	-	0 0 1 0 1 0 0 0 1 1 
195	-	1	-	0 0 1 0 1 0 0 0 1 0 
196	-	3	-	0 0 1 0 1 0 0 1 1 0 
197	-	1	-	0 0 1 0 1 0 0 1 1 1 
198	-	2	-	0 0 1 0 1 0 0 1 0 1 
199	-	1	-	0 0 1 0 1 0 0 1 0 0 
200	-	4	-	0 0 1 0 1 0 1 1 0 0 
201	-	1	-	0 0 1 0 1 0 1 1 0 1 
202	-	2	-	0 0 1 0 1 0 1 1 1 1 
203	-	1	-	0 0 1 0 1 0 1 1 1 0 
204	-	3	-	0 0 1 0 1 0 1 0 1 0 
205	-	1	-	0 0 1 0 1 0 1 0 1 1 
206	-	2	-	0 0 1 0 1 0 1 0 0 1 
207	-	1	-	0 0 1 0 1 0 1 0 0 0 
208	-	5	-	0 0 1 0 1 1 1 0 0 0 
209	-	1	-	0 0 1 0 1 1 1 0 0 1 
210	-	2	-	0 0 1 0 1 1 1 0 1 1 
211	-	1	-	0 0 1 0 1 1 1 0 1 0 
212	-	3	-	0 0 1 0 1 1 1 1 1 0 
213	-	1	-	0 0 1 0 1 1 1 1 1 1 
214	-	2	-	0 0 1 0 1 1 1 1 0 1 
215	-	1	-	0 0 1 0 1 1 1 1 0 0 
216	-	4	-	0 0 1 0 1 1 0 1 0 0 
217	-	1	-	0 0 1 0 1 1 0 1 0 1 
218	-	2	-	0 0 1 0 1 1 0 1 1 1 
219	-	1	-	0 0 1 0 1 1 0 1 1 0 
220	-	3	-	0 0 1 0 1 1 0 0 1 0 
221	-	1	-	0 0 1 0 1 1 0 0 1 1 
222	-	2	-	0 0 1 0 1 1 0 0 0 1 
223	-	1	-	0 0 1 0 1 1 0 0 0 0 
224	-	6	-	0 0 1 0 0 1 0 0 0 0 
225	-	1	-	0 0 1 0 0 1 0 0 0 1 
226	-	2	-	0 0 1 0 0 1 0 0 1 1 
227	-	1	-	0 0 1 0 0 1 0 0 1 0 
228	-	3	-	0 0 1 0 0 1 0 1 1 0 
229	-	1	-	0 0 1 0 0 1 0 1 1 1 
230	-	2	-	0 0 1 0 0 1 0 1 0 1 
231	-	1	-	0 0 1 0 0 1 0 1 0 0 
232	-	4	-	0 0 1 0 0 1 1 1 0 0 
233	-	1	-	0 0 1 0 0 1 1 1 0 1 
234	-	2	-	0 0 1 0 0 1 1 1 1 1 
235	-	1	-	0 0 1 0 0 1 1 1 1 0 
236	-	3	-	0 0 1 0 0 1 1 0 1 0 
237	-	1	-	0 0 1 0 0 1 1 0 1 1 
238	-	2	-	0 0 1 0 0 1 1 0 0 1 
239	-	1	-	0 0 1 0 0 1 1 0 0 0 
240	-	5	-	0 0 1 0 0 0 1 0 0 0 
241	-	1	-	0 0 1 0 0 0 1 0 0 1 
242	-	2	-	0 0 1 0 0 0 1 0 1 1 
243	-	1	-	0 0 1 0 0 0 1 0 1 0 
244	-	3	-	0 0 1 0 0 0 1 1 1 0 
245	-	1	-	0 0 1 0 0 0 1 1 1 1 
246	-	2	-	0 0 1 0 0 0 1 1 0 1 
247	-	1	-	0 0 1 0 0 0 1 1 0 0 
248	-	4	-	0 0 1 0 0 0 0 1 0 0 
249	-	1	-	0 0 1 0 0 0 0 1 0 1 
250	-	2	-	0 0 1 0 0 0 0 1 1 1 
251	-	1	-	0 0 1 0 0 0 0 1 1 0 
252	-	3	-	0 0 1 0 0 0 0 0 1 0 
253	-	1	-	0 0 1 0 0 0 0 0 1 1 
254	-	2	-	0 0 1 0 0 0 0 0 0 1 
255	-	1	-	0 0 1 0 0 0 0 0 0 0 
256	-	9	-	0 1 1 0 0 0 0 0 0 0 
257	-	1	-	0 1 1 0 0 0 0 0 0 1 
258	-	2	-	0 1 1 0 0 0 0 0 1 1 
259	-	1	-	0 1 1 0 0 0 0 0 1 0 
260	-	3	-	0 1 1 0 0 0 0 1 1 0 
261	-	1	-	0 1 1 0 0 0 0 1 1 1 
262	-	2	-	0 1 1 0 0 0 0 1 0 1 
263	-	1	-	0 1 1 0 0 0 0 1 0 0 
264	-	4	-	0 1 1 0 0 0 1 1 0 0 
265	-	1	-	0 1 1 0 0 0 1 1 0 1 
266	-	2	-	0 1 1 0 0 0 1 1 1 1 
267	-	1	-	0 1 1 0 0 0 1 1 1 0 
268	-	3	-	0 1 1 0 0 0 1 0 1 0 
269	-	1	-	0 1 1 0 0 0 1 0 1 1 
270	-	2	-	0 1 1 0 0 0 1 0 0 1 
271	-	1	-	0 1 1 0 0 0 1 0 0 0 
272	-	5	-	0 1 1 0 0 1 1 0 0 0 
273	-	1	-	0 1 1 0 0 1 1 0 0 1 
274	-	2	-	0 1 1 0 0 1 1 0 1 1 
275	-	1	-	0 1 1 0 0 1 1 0 1 0 
276	-	3	-	0 1 1 0 0 1 1 1 1 0 
277	-	1	-	0 1 1 0 0 1 1 1 1 1 
278	-	2	-	0 1 1 0 0 1 1 1 0 1 
279	-	1	-	0 1 1 0 0 1 1 1 0 0 
280	-	4	-	0 1 1 0 0 1 0 1 0 0 
281	-	1	-	0 1 1 0 0 1 0 1 0 1 
282	-	2	-	0 1 1 0 0 1 0 1 1 1 
283	-	1	-	0 1 1 0 0 1 0 1 1 0 
284	-	3	-	0 1 1 0 0 1 0 0 1 0 
285	-	1	-	0 1 1 0 0 1 0 0 1 1 
286	-	2	-	0 1 1 0 0 1 0 0 0 1 
287	-	1	-	0 1 1 0 0 1 0 0 0 0 
288	-	6	-	0 1 1 0 1 1 0 0 0 0 
289	-	1	-	0 1 1 0 1 1 0 0 0 1 
290	-	2	-	0 1 1 0 1 1 0 0 1 1 
291	-	1	-	0 1 1 0 1 1 0 0 1 0 
292	-	3	-	0 1 1 0 1 1 0 1 1 0 
293	-	1	-	0 1 1 0 1 1 0 1 1 1 
294	-	2	-	0 1 1 0 1 1 0 1 0 1 
295	-	1	-	0 1 1 0 1 1 0 1 0 0 
296	-	4	-	0 1 1 0 1 1 1 1 0 0 
297	-	1	-	0 1 1 0 1 1 1 1 0 1 
298	-	2	-	0 1 1 0 1 1 1 1 1 1 
299	-	1	-	0 1 1 0 1 1 1 1 1 0 
300	-	3	-	0 1 1 0 1 1 1 0 1 0 
301	-	1	-	0 1 1 0 1 1 1 0 1 1 
302	-	2	-	0 1 1 0 1 1 1 0 0 1 
303	-	1	-	0 1 1 0 1 1 1 0 0 0 
304	-	5	-	0 1 1 0 1 0 1 0 0 0 
305	-	1	-	0 1 1 0 1 0 1 0 0 1 
306	-	2	-	0 1 1 0 1 0 1 0 1 1 
307	-	1	-	0 1 1 0 1 0 1 0 1 0 
308	-	3	-	0 1 1 0 1 0 1 1 1 0 
309	-	1	-	0 1 1 0 1 0 1 1 1 1 
310	-	2	-	0 1 1 0 1 0 1 1 0 1 
311	-	1	-	0 1 1 0 1 0 1 1 0 0 
312	-	4	-	0 1 1 0 1 0 0 1 0 0 
313	-	1	-	0 1 1 0 1 0 0 1 0 1 
314	-	2	-	0 1 1 0 1 0 0 1 1 1 
315	-	1	-	0 1 1 0 1 0 0 1 1 0 
316	-	3	-	0 1 1 0 1 0 0 0 1 0 
317	-	1	-	0 1 1 0 1 0 0 0 1 1 
318	-	2	-	0 1 1 0 1 0 0 0 0 1 
319	-	1	-	0 1 1 0 1 0 0 0 0 0 
320	-	7	-	0 1 1 1 1 0 0 0 0 0 
321	-	1	-	0 1 1 1 1 0 0 0 0 1 
322	-	2	-	0 1 1 1 1 0 0 0 1 1 
323	-	1	-	0 1 1 1 1 0 0 0 1 0 
324	-	3	-	0 1 1 1 1 0 0 1 1 0 
325	-	1	-	0 1 1 1 1 0 0 1 1 1 
326	-	2	-	0 1 1 1 1 0 0 1 0 1 
327	-	1	-	0 1 1 1 1 0 0 1 0 0 
328	-	4	-	0 1 1 1 1 0 1 1 0 0 
329	-	1	-	0 1 1 1 1 0 1 1 0 1 
330	-	2	-	0 1 1 1 1 0 1 1 1 1 
331	-	1	-	0 1 1 1 1 0 1 1 1 0 
332	-	3	-	0 1 1 1 1 0 1 0 1 0 
333	-	1	-	0 1 1 1 1 0 1 0 1 1 
334	-	2	-	0 1 1 1 1 0 1 0 0 1 
335	-	1	-	0 1 1 1 1 0 1 0 0 0 
336	-	5	-	0 1 1 1 1 1 1 0 0 0 
337	-	1	-	0 1 1 1 1 1 1 0 0 1 
338	-	2	-	0 1 1 1 1 1 1 0 1 1 
339	-	1	-	0 1 1 1 1 1 1 0 1 0 
340	-	3	-	0 1 1 1 1 1 1 1 1 0 
341	-	1	-	0 1 1 1 1 1 1 1 1 1 
342	-	2	-	0 1 1 1 1 1 1 1 0 1 
343	-	1	-	0 1 1 1 1 1 1 1 0 0 
344	-	4	-	0 1 1 1 1 1 0 1 0 0 
345	-	1	-	0 1 1 1 1 1 0 1 0 1 
346	-	2	-	0 1 1 1 1 1 0 1 1 1 
347	-	1	-	0 1 1 1 1 1 0 1 1 0 
348	-	3	-	0 1 1 1 1 1 0 0 1 0 
349	-	1	-	0 1 1 1 1 1 0 0 1 1 
350	-	2	-	0 1 1 1 1 1 0 0 0 1 
351	-	1	-	0 1 1 1 1 1 0 0 0 0 
352	-	6	-	0 1 1 1 0 1 0 0 0 0 
353	-	1	-	0 1 1 1 0 1 0 0 0 1 
354	-	2	-	0 1 1 1 0 1 0 0 1 1 
355	-	1	-	0 1 1 1 0 1 0 0 1 0 
356	-	3	-	0 1 1 1 0 1 0 1 1 0 
357	-	1	-	0 1 1 1 0 1 0 1 1 1 
358	-	2	-	0 1 1 1 0 1 0 1 0 1 
359	-	1	-	0 1 1 1 0 1 0 1 0 0 
360	-	4	-	0 1 1 1 0 1 1 1 0 0 
361	-	1	-	0 1 1 1 0 1 1 1 0 1 
362	-	2	-	0 1 1 1 0 1 1 1 1 1 
363	-	1	-	0 1 1 1 0 1 1 1 1 0 
364	-	3	-	0 1 1 1 0 1 1 0 1 0 
365	-	1	-	0 1 1 1 0 1 1 0 1 1 
366	-	2	-	0 1 1 1 0 1 1 0 0 1 
367	-	1	-	0 1 1 1 0 1 1 0 0 0 
368	-	5	-	0 1 1 1 0 0 1 0 0 0 
369	-	1	-	0 1 1 1 0 0 1 0 0 1 
370	-	2	-	0 1 1 1 0 0 1 0 1 1 
371	-	1	-	0 1 1 1 0 0 1 0 1 0 
372	-	3	-	0 1 1 1 0 0 1 1 1 0 
373	-	1	-	0 1 1 1 0 0 1 1 1 1 
374	-	2	-	0 1 1 1 0 0 1 1 0 1 
375	-	1	-	0 1 1 1 0 0 1 1 0 0 
376	-	4	-	0 1 1 1 0 0 0 1 0 0 
377	-	1	-	0 1 1 1 0 0 0 1 0 1 
378	-	2	-	0 1 1 1 0 0 0 1 1 1 
379	-	1	-	0 1 1 1 0 0 0 1 1 0 
380	-	3	-	0 1 1 1 0 0 0 0 1 0 
381	-	1	-	0 1 1 1 0 0 0 0 1 1 
382	-	2	-	0 1 1 1 0 0 0 0 0 1 
383	-	1	-	0 1 1 1 0 0 0 0 0 0 
384	-	8	-	0 1 0 1 0 0 0 0 0 0 
385	-	1	-	0 1 0 1 0 0 0 0 0 1 
386	-	2	-	0 1 0 1 0 0 0 0 1 1 
387	-	1	-	0 1 0 1 0 0 0 0 1 0 
388	-	3	-	0 1 0 1 0 0 0 1 1 0 
389	-	1	-	0 1 0 1 0 0 0 1 1 1 
390	-	2	-	0 1 0 1 0 0 0 1 0 1 
391	-	1	-	0 1 0 1 0 0 0 1 0 0 
392	-	4	-	0 1 0 1 0 0 1 1 0 0 
393	-	1	-	0 1 0 1 0 0 1 1 0 1 
394	-	2	-	0 1 0 1 0 0 1 1 1 1 
395	-	1	-	0 1 0 1 0 0 1 1 1 0 
396	-	3	-	0 1 0 1 0 0 1 0 1 0 
397	-	1	-	0 1 0 1 0 0 1 0 1 1 
398	-	2	-	0 1 0 1 0 0 1 0 0 1 
399	-	1	-	0 1 0 1 0 0 1 0 0 0 
400	-	5	-	0 1 0 1 0 1 1 0 0 0 
401	-	1	-	0 1 0 1 0 1 1 0 0 1 
402	-	2	-	0 1 0 1 0 1 1 0 1 1 
403	-	1	-	0 1 0 1 0 1 1 0 1 0 
404	-	3	-	0 1 0 1 0 1 1 1 1 0 
405	-	1	-	0 1 0 1 0 1 1 1 1 1 
406	-	2	-	0 1 0 1 0 1 1 1 0 1 
407	-	1	-	0 1 0 1 0 1 1 1 0 0 
408	-	4	-	0 1 0 1 0 1 0 1 0 0 
409	-	1	-	0 1 0 1 0 1 0 1 0 1 
410	-	2	-	0 1 0 1 0 1 0 1 1 1 
411	-	1	-	0 1 0 1 0 1 0 1 1 0 
412	-	3	-	0 1 0 1 0 1 0 0 1 0 
413	-	1	-	0 1 0 1 0 1 0 0 1 1 
414	-	2	-	0 1 0 1 0 1 0 0 0 1 
415	-	1	-	0 1 0 1 0 1 0 0 0 0 
416	-	6	-	0 1 0 1 1 1 0 0 0 0 
417	-	1	-	0 1 0 1 1 1 0 0 0 1 
418	-	2	-	0 1 0 1 1 1 0 0 1 1 
419	-	1	-	0 1 0 1 1 1 0 0 1 0 
420	-	3	-	0 1 0 1 1 1 0 1 1 0 
421	-	1	-	0 1 0 1 1 1 0 1 1 1 
422	-	2	-	0 1 0 1 1 1 0 1 0 1 
423	-	1	-	0 1 0 1 1 1 0 1 0 0 
424	-	4	-	0 1 0 1 1 1 1 1 0 0 
425	-	1	-	0 1 0 1 1 1 1 1 0 1 
426	-	2	-	0 1 0 1 1 1 1 1 1 1 
427	-	1	-	0 1 0 1 1 1 1 1 1 0 
428	-	3	-	0 1 0 1 1 1 1 0 1 0 
429	-	1	-	0 1 0 1 1 1 1 0 1 1 
430	-	2	-	0 1 0 1 1 1 1 0 0 1 
431	-	1	-	0 1 0 1 1 1 1 0 0 0 
432	-	5	-	0 1 0 1 1 0 1 0 0 0 
433	-	1	-	0 1 0 1 1 0 1 0 0 1 
434	-	2	-	0 1 0 1 1 0 1 0 1 1 
435	-	1	-	0 1 0 1 1 0 1 0 1 0 
436	-	3	-	0 1 0 1 1 0 1 1 1 0 
437	-	1	-	0 1 0 1 1 0 1 1 1 1 
438	-	2	-	0 1 0 1 1 0 1 1 0 1 
439	-	1	-	0 1 0 1 1 0 1 1 0 0 
440	-	4	-	0 1 0 1 1 0 0 1 0 0 
441	-	1	-	0 1 0 1 1 0 0 1 0 1 
442	-	2	-	0 1 0 1 1 0 0 1 1 1 
443	-	1	-	0 1 0 1 1 0 0 1 1 0 
444	-	3	-	0 1 0 1 1 0 0 0 1 0 
445	-	1	-	0 1 0 1 1 0 0 0 1 1 
446	-	2	-	0 1 0 1 1 0 0 0 0 1 
447	-	1	-	0 1 0 1 1 0 0 0 0 0 
448	-	7	-	0 1 0 0 1 0 0 0 0 0 
449	-	1	-	0 1 0 0 1 0 0 0 0 1 
450	-	2	-	0 1 0 0 1 0 0 0 1 1 
451	-	1	-	0 1 0 0 1 0 0 0 1 0 
452	-	3	-	0 1 0 0 1 0 0 1 1 0 
453	-	1	-	0 1 0 0 1 0 0 1 1 1 
454	-	2	-	0 1 0 0 1 0 0 1 0 1 
455	-	1	-	0 1 0 0 1 0 0 1 0 0 
456	-	4	-	0 1 0 0 1 0 1 1 0 0 
457	-	1	-	0 1 0 0 1 0 1 1 0 1 
458	-	2	-	0 1 0 0 1 0 1 1 1 1 
459	-	1	-	0 1 0 0 1 0 1 1 1 0 
460	-	3	-	0 1 0 0 1 0 1 0 1 0 
461	-	1	-	0 1 0 0 1 0 1 0 1 1 
462	-	2	-	0 1 0 0 1 0 1 0 0 1 
463	-	1	-	0 1 0 0 1 0 1 0 0 0 
464	-	5	-	0 1 0 0 1 1 1 0 0 0 
465	-	1	-	0 1 0 0 1 1 1 0 0 1 
466	-	2	-	0 1 0 0 1 1 1 0 1 1 
467	-	1	-	0 1 0 0 1 1 1 0 1 0 
468	-	3	-	0 1 0 0 1 1 1 1 1 0 
469	-	1	-	0 1 0 0 1 1 1 1 1 1 
470	-	2	-	0 1 0 0 1 1 1 1 0 1 
471	-	1	-	0 1 0 0 1 1 1 1 0 0 
472	-	4	-	0 1 0 0 1 1 0 1 0 0 
473	-	1	-	0 1 0 0 1 1 0 1 0 1 
474	-	2	-	0 1 0 0 1 1 0 1 1 1 
475	-	1	-	0 1 0 0 1 1 0 1 1 0 
476	-	3	-	0 1 0 0 1 1 0 0 1 0 
477	-	1	-	0 1 0 0 1 1 0 0 1 1 
478	-	2	-	0 1 0 0 1 1 0 0 0 1 
479	-	1	-	0 1 0 0 1 1 0 0 0 0 
480	-	6	-	0 1 0 0 0 1 0 0 0 0 
481	-	1	-	0 1 0 0 0 1 0 0 0 1 
482	-	2	-	0 1 0 0 0 1 0 0 1 1 
483	-	1	-	0 1 0 0 0 1 0 0 1 0 
484	-	3	-	0 1 0 0 0 1 0 1 1 0 
485	-	1	-	0 1 0 0 0 1 0 1 1 1 
486	-	2	-	0 1 0 0 0 1 0 1 0 1 
487	-	1	-	0 1 0 0 0 1 0 1 0 0 
488	-	4	-	0 1 0 0 0 1 1 1 0 0 
489	-	1	-	0 1 0 0 0 1 1 1 0 1 
490	-	2	-	0 1 0 0 0 1 1 1 1 1 
491	-	1	-	0 1 0 0 0 1 1 1 1 0 
492	-	3	-	0 1 0 0 0 1 1 0 1 0 
493	-	1	-	0 1 0 0 0 1 1 0 1 1 
494	-	2	-	0 1 0 0 0 1 1 0 0 1 
495	-	1	-	0 1 0 0 0 1 1 0 0 0 
496	-	5	-	0 1 0 0 0 0 1 0 0 0 
497	-	1	-	0 1 0 0 0 0 1 0 0 1 
498	-	2	-	0 1 0 0 0 0 1 0 1 1 
499	-	1	-	0 1 0 0 0 0 1 0 1 0 
500	-	3	-	0 1 0 0 0 0 1 1 1 0 
501	-	1	-	0 1 0 0 0 0 1 1 1 1 
502	-	2	-	0 1 0 0 0 0 1 1 0 1 
503	-	1	-	0 1 0 0 0 0 1 1 0 0 
504	-	4	-	0 1 0 0 0 0 0 1 0 0 
505	-	1	-	0 1 0 0 0 0 0 1 0 1 
506	-	2	-	0 1 0 0 0 0 0 1 1 1 
507	-	1	-	0 1 0 0 0 0 0 1 1 0 
508	-	3	-	0 1 0 0 0 0 0 0 1 0 
509	-	1	-	0 1 0 0 0 0 0 0 1 1 
510	-	2	-	0 1 0 0 0 0 0 0 0 1 
511	-	1	-	0 1 0 0 0 0 0 0 0 0 
512	-	10	-	1 1 0 0 0 0 0 0 0 0 
513	-	1	-	1 1 0 0 0 0 0 0 0 1 
514	-	2	-	1 1 0 0 0 0 0 0 1 1 
515	-	1	-	1 1 0 0 0 0 0 0 1 0 
516	-	3	-	1 1 0 0 0 0 0 1 1 0 
517	-	1	-	1 1 0 0 0 0 0 1 1 1 
518	-	2	-	1 1 0 0 0 0 0 1 0 1 
519	-	1	-	1 1 0 0 0 0 0 1 0 0 
520	-	4	-	1 1 0 0 0 0 1 1 0 0 
521	-	1	-	1 1 0 0 0 0 1 1 0 1 
522	-	2	-	1 1 0 0 0 0 1 1 1 1 
523	-	1	-	1 1 0 0 0 0 1 1 1 0 
524	-	3	-	1 1 0 0 0 0 1 0 1 0 
525	-	1	-	1 1 0 0 0 0 1 0 1 1 
526	-	2	-	1 1 0 0 0 0 1 0 0 1 
527	-	1	-	1 1 0 0 0 0 1 0 0 0 
528	-	5	-	1 1 0 0 0 1 1 0 0 0 
529	-	1	-	1 1 0 0 0 1 1 0 0 1 
530	-	2	-	1 1 0 0 0 1 1 0 1 1 
531	-	1	-	1 1 0 0 0 1 1 0 1 0 
532	-	3	-	1 1 0 0 0 1 1 1 1 0 
533	-	1	-	1 1 0 0 0 1 1 1 1 1 
534	-	2	-	1 1 0 0 0 1 1 1 0 1 
535	-	1	-	1 1 0 0 0 1 1 1 0 0 
536	-	4	-	1 1 0 0 0 1 0 1 0 0 
537	-	1	-	1 1 0 0 0 1 0 1 0 1 
538	-	2	-	1 1 0 0 0 1 0 1 1 1 
539	-	1	-	1 1 0 0 0 1 0 1 1 0 
540	-	3	-	1 1 0 0 0 1 0 0 1 0 
541	-	1	-	1 1 0 0 0 1 0 0 1 1 
542	-	2	-	1 1 0 0 0 1 0 0 0 1 
543	-	1	-	1 1 0 0 0 1 0 0 0 0 
544	-	6	-	1 1 0 0 1 1 0 0 0 0 
545	-	1	-	1 1 0 0 1 1 0 0 0 1 
546	-	2	-	1 1 0 0 1 1 0 0 1 1 
547	-	1	-	1 1 0 0 1 1 0 0 1 0 
548	-	3	-	1 1 0 0 1 1 0 1 1 0 
549	-	1	-	1 1 0 0 1 1 0 1 1 1 
550	-	2	-	1 1 0 0 1 1 0 1 0 1 
551	-	1	-	1 1 0 0 1 1 0 1 0 0 
552	-	4	-	1 1 0 0 1 1 1 1 0 0 
553	-	1	-	1 1 0 0 1 1 1 1 0 1 
554	-	2	-	1 1 0 0 1 1 1 1 1 1 
555	-	1	-	1 1 0 0 1 1 1 1 1 0 
556	-	3	-	1 1 0 0 1 1 1 0 1 0 
557	-	1	-	1 1 0 0 1 1 1 0 1 1 
558	-	2	-	1 1 0 0 1 1 1 0 0 1 
559	-	1	-	1 1 0 0 1 1 1 0 0 0 
560	-	5	-	1 1 0 0 1 0 1 0 0 0 
561	-	1	-	1 1 0 0 1 0 1 0 0 1 
562	-	2	-	1 1 0 0 1 0 1 0 1 1 
563	-	1	-	1 1 0 0 1 0 1 0 1 0 
564	-	3	-	1 1 0 0 1 0 1 1 1 0 
565	-	1	-	1 1 0 0 1 0 1 1 1 1 
566	-	2	-	1 1 0 0 1 0 1 1 0 1 
567	-	1	-	1 1 0 0 1 0 1 1 0 0 
568	-	4	-	1 1 0 0 1 0 0 1 0 0 
569	-	1	-	1 1 0 0 1 0 0 1 0 1 
570	-	2	-	1 1 0 0 1 0 0 1 1 1 
571	-	1	-	1 1 0 0 1 0 0 1 1 0 
572	-	3	-	1 1 0 0 1 0 0 0 1 0 
573	-	1	-	1 1 0 0 1 0 0 0 1 1 
574	-	2	-	1 1 0 0 1 0 0 0 0 1 
575	-	1	-	1 1 0 0 1 0 0 0 0 0 
576	-	7	-	1 1 0 1 1 0 0 0 0 0 
577	-	1	-	1 1 0 1 1 0 0 0 0 1 
578	-	2	-	1 1 0 1 1 0 0 0 1 1 
579	-	1	-	1 1 0 1 1 0 0 0 1 0 
580	-	3	-	1 1 0 1 1 0 0 1 1 0 
581	-	1	-	1 1 0 1 1 0 0 1 1 1 
582	-	2	-	1 1 0 1 1 0 0 1 0 1 
583	-	1	-	1 1 0 1 1 0 0 1 0 0 
584	-	4	-	1 1 0 1 1 0 1 1 0 0 
585	-	1	-	1 1 0 1 1 0 1 1 0 1 
586	-	2	-	1 1 0 1 1 0 1 1 1 1 
587	-	1	-	1 1 0 1 1 0 1 1 1 0 
588	-	3	-	1 1 0 1 1 0 1 0 1 0 
589	-	1	-	1 1 0 1 1 0 1 0 1 1 
590	-	2	-	1 1 0 1 1 0 1 0 0 1 
591	-	1	-	1 1 0 1 1 0 1 0 0 0 
592	-	5	-	1 1 0 1 1 1 1 0 0 0 
593	-	1	-	1 1 0 1 1 1 1 0 0 1 
594	-	2	-	1 1 0 1 1 1 1 0 1 1 
595	-	1	-	1 1 0 1 1 1 1 0 1 0 
596	-	3	-	1 1 0 1 1 1 1 1 1 0 
597	-	1	-	1 1 0 1 1 1 1 1 1 1 
598	-	2	-	1 1 0 1 1 1 1 1 0 1 
599	-	1	-	1 1 0 1 1 1 1 1 0 0 
600	-	4	-	1 1 0 1 1 1 0 1 0 0 
601	-	1	-	1 1 0 1 1 1 0 1 0 1 
602	-	2	-	1 1 0 1 1 1 0 1 1 1 
603	-	1	-	1 1 0 1 1 1 0 1 1 0 
604	-	3	-	1 1 0 1 1 1 0 0 1 0 
605	-	1	-	1 1 0 1 1 1 0 0 1 1 
606	-	2	-	1 1 0 1 1 1 0 0 0 1 
607	-	1	-	1 1 0 1 1 1 0 0 0 0 
608	-	6	-	1 1 0 1 0 1 0 0 0 0 
609	-	1	-	1 1 0 1 0 1 0 0 0 1 
610	-	2	-	1 1 0 1 0 1 0 0 1 1 
611	-	1	-	1 1 0 1 0 1 0 0 1 0 
612	-	3	-	1 1 0 1 0 1 0 1 1 0 
613	-	1	-	1 1 0 1 0 1 0 1 1 1 
614	-	2	-	1 1 0 1 0 1 0 1 0 1 
615	-	1	-	1 1 0 1 0 1 0 1 0 0 
616	-	4	-	1 1 0 1 0 1 1 1 0 0 
617	-	1	-	1 1 0 1 0 1 1 1 0 1 
618	-	2	-	1 1 0 1 0 1 1 1 1 1 
619	-	1	-	1 1 0 1 0 1 1 1 1 0 
620	-	3	-	1 1 0 1 0 1 1 0 1 0 
621	-	1	-	1 1 0 1 0 1 1 0 1 1 
622	-	2	-	1 1 0 1 0 1 1 0 0 1 
623	-	1	-	1 1 0 1 0 1 1 0 0 0 
624	-	5	-	1 1 0 1 0 0 1 0 0 0 
625	-	1	-	1 1 0 1 0 0 1 0 0 1 
626	-	2	-	1 1 0 1 0 0 1 0 1 1 
627	-	1	-	1 1 0 1 0 0 1 0 1 0 
628	-	3	-	1 1 0 1 0 0 1 1 1 0 
629	-	1	-	1 1 0 1 0 0 1 1 1 1 
630	-	2	-	1 1 0 1 0 0 1 1 0 1 
631	-	1	-	1 1 0 1 0 0 1 1 0 0 
632	-	4	-	1 1 0 1 0 0 0 1 0 0 
633	-	1	-	1 1 0 1 0 0 0 1 0 1 
634	-	2	-	1 1 0 1 0 0 0 1 1 1 
635	-	1	-	1 1 0 1 0 0 0 1 1 0 
636	-	3	-	1 1 0 1 0 0 0 0 1 0 
637	-	1	-	1 1 0 1 0 0 0 0 1 1 
638	-	2	-	1 1 0 1 0 0 0 0 0 1 
639	-	1	-	1 1 0 1 0 0 0 0 0 0 
640	-	8	-	1 1 1 1 0 0 0 0 0 0 
641	-	1	-	1 1 1 1 0 0 0 0 0 1 
642	-	2	-	1 1 1 1 0 0 0 0 1 1 
643	-	1	-	1 1 1 1 0 0 0 0 1 0 
644	-	3	-	1 1 1 1 0 0 0 1 1 0 
645	-	1	-	1 1 1 1 0 0 0 1 1 1 
646	-	2	-	1 1 1 1 0 0 0 1 0 1 
647	-	1	-	1 1 1 1 0 0 0 1 0 0 
648	-	4	-	1 1 1 1 0 0 1 1 0 0 
649	-	1	-	1 1 1 1 0 0 1 1 0 1 
650	-	2	-	1 1 1 1 0 0 1 1 1 1 
651	-	1	-	1 1 1 1 0 0 1 1 1 0 
652	-	3	-	1 1 1 1 0 0 1 0 1 0 
653	-	1	-	1 1 1 1 0 0 1 0 1 1 
654	-	2	-	1 1 1 1 0 0 1 0 0 1 
655	-	1	-	1 1 1 1 0 0 1 0 0 0 
656	-	5	-	1 1 1 1 0 1 1 0 0 0 
657	-	1	-	1 1 1 1 0 1 1 0 0 1 
658	-	2	-	1 1 1 1 0 1 1 0 1 1 
659	-	1	-	1 1 1 1 0 1 1 0 1 0 
660	-	3	-	1 1 1 1 0 1 1 1 1 0 
661	-	1	-	1 1 1 1 0 1 1 1 1 1 
662	-	2	-	1 1 1 1 0 1 1 1 0 1 
663	-	1	-	1 1 1 1 0 1 1 1 0 0 
664	-	4	-	1 1 1 1 0 1 0 1 0 0 
665	-	1	-	1 1 1 1 0 1 0 1 0 1 
666	-	2	-	1 1 1 1 0 1 0 1 1 1 
667	-	1	-	1 1 1 1 0 1 0 1 1 0 
668	-	3	-	1 1 1 1 0 1 0 0 1 0 
669	-	1	-	1 1 1 1 0 1 0 0 1 1 
670	-	2	-	1 1 1 1 0 1 0 0 0 1 
671	-	1	-	1 1 1 1 0 1 0 0 0 0 
672	-	6	-	1 1 1 1 1 1 0 0 0 0 
673	-	1	-	1 1 1 1 1 1 0 0 0 1 
674	-	2	-	1 1 1 1 1 1 0 0 1 1 
675	-	1	-	1 1 1 1 1 1 0 0 1 0 
676	-	3	-	1 1 1 1 1 1 0 1 1 0 
677	-	1	-	1 1 1 1 1 1 0 1 1 1 
678	-	2	-	1 1 1 1 1 1 0 1 0 1 
679	-	1	-	1 1 1 1 1 1 0 1 0 0 
680	-	4	-	1 1 1 1 1 1 1 1 0 0 
681	-	1	-	1 1 1 1 1 1 1 1 0 1 
682	-	2	-	1 1 1 1 1 1 1 1 1 1 
683	-	1	-	1 1 1 1 1 1 1 1 1 0 
684	-	3	-	1 1 1 1 1 1 1 0 1 0 
685	-	1	-	1 1 1 1 1 1 1 0 1 1 
686	-	2	-	1 1 1 1 1 1 1 0 0 1 
687	-	1	-	1 1 1 1 1 1 1 0 0 0 
688	-	5	-	1 1 1 1 1 0 1 0 0 0 
689	-	1	-	1 1 1 1 1 0 1 0 0 1 
690	-	2	-	1 1 1 1 1 0 1 0 1 1 
691	-	1	-	1 1 1 1 1 0 1 0 1 0 
692	-	3	-	1 1 1 1 1 0 1 1 1 0 
693	-	1	-	1 1 1 1 1 0 1 1 1 1 
694	-	2	-	1 1 1 1 1 0 1 1 0 1 
695	-	1	-	1 1 1 1 1 0 1 1 0 0 
696	-	4	-	1 1 1 1 1 0 0 1 0 0 
697	-	1	-	1 1 1 1 1 0 0 1 0 1 
698	-	2	-	1 1 1 1 1 0 0 1 1 1 
699	-	1	-	1 1 1 1 1 0 0 1 1 0 
700	-	3	-	1 1 1 1 1 0 0 0 1 0 
701	-	1	-	1 1 1 1 1 0 0 0 1 1 
702	-	2	-	1 1 1 1 1 0 0 0 0 1 
703	-	1	-	1 1 1 1 1 0 0 0 0 0 
704	-	7	-	1 1 1 0 1 0 0 0 0 0 
705	-	1	-	1 1 1 0 1 0 0 0 0 1 
706	-	2	-	1 1 1 0 1 0 0 0 1 1 
707	-	1	-	1 1 1 0 1 0 0 0 1 0 
708	-	3	-	1 1 1 0 1 0 0 1 1 0 
709	-	1	-	1 1 1 0 1 0 0 1 1 1 
710	-	2	-	1 1 1 0 1 0 0 1 0 1 
711	-	1	-	1 1 1 0 1 0 0 1 0 0 
712	-	4	-	1 1 1 0 1 0 1 1 0 0 
713	-	1	-	1 1 1 0 1 0 1 1 0 1 
714	-	2	-	1 1 1 0 1 0 1 1 1 1 
715	-	1	-	1 1 1 0 1 0 1 1 1 0 
716	-	3	-	1 1 1 0 1 0 1 0 1 0 
717	-	1	-	1 1 1 0 1 0 1 0 1 1 
718	-	2	-	1 1 1 0 1 0 1 0 0 1 
719	-	1	-	1 1 1 0 1 0 1 0 0 0 
720	-	5	-	1 1 1 0 1 1 1 0 0 0 
721	-	1	-	1 1 1 0 1 1 1 0 0 1 
722	-	2	-	1 1 1 0 1 1 1 0 1 1 
723	-	1	-	1 1 1 0 1 1 1 0 1 0 
724	-	3	-	1 1 1 0 1 1 1 1 1 0 
725	-	1	-	1 1 1 0 1 1 1 1 1 1 
726	-	2	-	1 1 1 0 1 1 1 1 0 1 
727	-	1	-	1 1 1 0 1 1 1 1 0 0 
728	-	4	-	1 1 1 0 1 1 0 1 0 0 
729	-	1	-	1 1 1 0 1 1 0 1 0 1 
730	-	2	-	1 1 1 0 1 1 0 1 1 1 
731	-	1	-	1 1 1 0 1 1 0 1 1 0 
732	-	3	-	1 1 1 0 1 1 0 0 1 0 
733	-	1	-	1 1 1 0 1 1 0 0 1 1 
734	-	2	-	1 1 1 0 1 1 0 0 0 1 
735	-	1	-	1 1 1 0 1 1 0 0 0 0 
736	-	6	-	1 1 1 0 0 1 0 0 0 0 
737	-	1	-	1 1 1 0 0 1 0 0 0 1 
738	-	2	-	1 1 1 0 0 1 0 0 1 1 
739	-	1	-	1 1 1 0 0 1 0 0 1 0 
740	-	3	-	1 1 1 0 0 1 0 1 1 0 
741	-	1	-	1 1 1 0 0 1 0 1 1 1 
742	-	2	-	1 1 1 0 0 1 0 1 0 1 
743	-	1	-	1 1 1 0 0 1 0 1 0 0 
744	-	4	-	1 1 1 0 0 1 1 1 0 0 
745	-	1	-	1 1 1 0 0 1 1 1 0 1 
746	-	2	-	1 1 1 0 0 1 1 1 1 1 
747	-	1	-	1 1 1 0 0 1 1 1 1 0 
748	-	3	-	1 1 1 0 0 1 1 0 1 0 
749	-	1	-	1 1 1 0 0 1 1 0 1 1 
750	-	2	-	1 1 1 0 0 1 1 0 0 1 
751	-	1	-	1 1 1 0 0 1 1 0 0 0 
752	-	5	-	1 1 1 0 0 0 1 0 0 0 
753	-	1	-	1 1 1 0 0 0 1 0 0 1 
754	-	2	-	1 1 1 0 0 0 1 0 1 1 
755	-	1	-	1 1 1 0 0 0 1 0 1 0 
756	-	3	-	1 1 1 0 0 0 1 1 1 0 
757	-	1	-	1 1 1 0 0 0 1 1 1 1 
758	-	2	-	1 1 1 0 0 0 1 1 0 1 
759	-	1	-	1 1 1 0 0 0 1 1 0 0 
760	-	4	-	1 1 1 0 0 0 0 1 0 0 
761	-	1	-	1 1 1 0 0 0 0 1 0 1 
762	-	2	-	1 1 1 0 0 0 0 1 1 1 
763	-	1	-	1 1 1 0 0 0 0 1 1 0 
764	-	3	-	1 1 1 0 0 0 0 0 1 0 
765	-	1	-	1 1 1 0 0 0 0 0 1 1 
766	-	2	-	1 1 1 0 0 0 0 0 0 1 
767	-	1	-	1 1 1 0 0 0 0 0 0 0 
768	-	9	-	1 0 1 0 0 0 0 0 0 0 
769	-	1	-	1 0 1 0 0 0 0 0 0 1 
770	-	2	-	1 0 1 0 0 0 0 0 1 1 
771	-	1	-	1 0 1 0 0 0 0 0 1 0 
772	-	3	-	1 0 1 0 0 0 0 1 1 0 
773	-	1	-	1 0 1 0 0 0 0 1 1 1 
774	-	2	-	1 0 1 0 0 0 0 1 0 1 
775	-	1	-	1 0 1 0 0 0 0 1 0 0 
776	-	4	-	1 0 1 0 0 0 1 1 0 0 
777	-	1	-	1 0 1 0 0 0 1 1 0 1 
778	-	2	-	1 0 1 0 0 0 1 1 1 1 
779	-	1	-	1 0 1 0 0 0 1 1 1 0 
780	-	3	-	1 0 1 0 0 0 1 0 1 0 
781	-	1	-	1 0 1 0 0 0 1 0 1 1 
782	-	2	-	1 0 1 0 0 0 1 0 0 1 
783	-	1	-	1 0 1 0 0 0 1 0 0 0 
784	-	5	-	1 0 1 0 0 1 1 0 0 0 
785	-	1	-	1 0 1 0 0 1 1 0 0 1 
786	-	2	-	1 0 1 0 0 1 1 0 1 1 
787	-	1	-	1 0 1 0 0 1 1 0 1 0 
788	-	3	-	1 0 1 0 0 1 1 1 1 0 
789	-	1	-	1 0 1 0 0 1 1 1 1 1 
790	-	2	-	1 0 1 0 0 1 1 1 0 1 
791	-	1	-	1 0 1 0 0 1 1 1 0 0 
792	-	4	-	1 0 1 0 0 1 0 1 0 0 
793	-	1	-	1 0 1 0 0 1 0 1 0 1 
794	-	2	-	1 0 1 0 0 1 0 1 1 1 
795	-	1	-	1 0 1 0 0 1 0 1 1 0 
796	-	3	-	1 0 1 0 0 1 0 0 1 0 
797	-	1	-	1 0 1 0 0 1 0 0 1 1 
798	-	2	-	1 0 1 0 0 1 0 0 0 1 
799	-	1	-	1 0 1 0 0 1 0 0 0 0 
800	-	6	-	1 0 1 0 1 1 0 0 0 0 
801	-	1	-	1 0 1 0 1 1 0 0 0 1 
802	-	2	-	1 0 1 0 1 1 0 0 1 1 
803	-	1	-	1 0 1 0 1 1 0 0 1 0 
804	-	3	-	1 0 1 0 1 1 0 1 1 0 
805	-	1	-	1 0 1 0 1 1 0 1 1 1 
806	-	2	-	1 0 1 0 1 1 0 1 0 1 
807	-	1	-	1 0 1 0 1 1 0 1 0 0 
808	-	4	-	1 0 1 0 1 1 1 1 0 0 
809	-	1	-	1 0 1 0 1 1 1 1 0 1 
810	-	2	-	1 0 1 0 1 1 1 1 1 1 
811	-	1	-	1 0 1 0 1 1 1 1 1 0 
812	-	3	-	1 0 1 0 1 1 1 0 1 0 
813	-	1	-	1 0 1 0 1 1 1 0 1 1 
814	-	2	-	1 0 1 0 1 1 1 0 0 1 
815	-	1	-	1 0 1 0 1 1 1 0 0 0 
816	-	5	-	1 0 1 0 1 0 1 0 0 0 
817	-	1	-	1 0 1 0 1 0 1 0 0 1 
818	-	2	-	1 0 1 0 1 0 1 0 1 1 
819	-	1	-	1 0 1 0 1 0 1 0 1 0 
820	-	3	-	1 0 1 0 1 0 1 1 1 0 
821	-	1	-	1 0 1 0 1 0 1 1 1 1 
822	-	2	-	1 0 1 0 1 0 1 1 0 1 
823	-	1	-	1 0 1 0 1 0 1 1 0 0 
824	-	4	-	1 0 1 0 1 0 0 1 0 0 
825	-	1	-	1 0 1 0 1 0 0 1 0 1 
826	-	2	-	1 0 1 0 1 0 0 1 1 1 
827	-	1	-	1 0 1 0 1 0 0 1 1 0 
828	-	3	-	1 0 1 0 1 0 0 0 1 0 
829	-	1	-	1 0 1 0 1 0 0 0 1 1 
830	-	2	-	1 0 1 0 1 0 0 0 0 1 
831	-	1	-	1 0 1 0 1 0 0 0 0 0 
832	-	7	-	1 0 1 1 1 0 0 0 0 0 
833	-	1	-	1 0 1 1 1 0 0 0 0 1 
834	-	2	-	1 0 1 1 1 0 0 0 1 1 
835	-	1	-	1 0 1 1 1 0 0 0 1 0 
836	-	3	-	1 0 1 1 1 0 0 1 1 0 
837	-	1	-	1 0 1 1 1 0 0 1 1 1 
838	-	2	-	1 0 1 1 1 0 0 1 0 1 
839	-	1	-	1 0 1 1 1 0 0 1 0 0 
840	-	4	-	1 0 1 1 1 0 1 1 0 0 
841	-	1	-	1 0 1 1 1 0 1 1 0 1 
842	-	2	-	1 0 1 1 1 0 1 1 1 1 
843	-	1	-	1 0 1 1 1 0 1 1 1 0 
844	-	3	-	1 0 1 1 1 0 1 0 1 0 
845	-	1	-	1 0 1 1 1 0 1 0 1 1 
846	-	2	-	1 0 1 1 1 0 1 0 0 1 
847	-	1	-	1 0 1 1 1 0 1 0 0 0 
848	-	5	-	1 0 1 1 1 1 1 0 0 0 
849	-	1	-	1 0 1 1 1 1 1 0 0 1 
850	-	2	-	1 0 1 1 1 1 1 0 1 1 
851	-	1	-	1 0 1 1 1 1 1 0 1 0 
852	-	3	-	1 0 1 1 1 1 1 1 1 0 
853	-	1	-	1 0 1 1 1 1 1 1 1 1 
854	-	2	-	1 0 1 1 1 1 1 1 0 1 
855	-	1	-	1 0 1 1 1 1 1 1 0 0 
856	-	4	-	1 0 1 1 1 1 0 1 0 0 
857	-	1	-	1 0 1 1 1 1 0 1 0 1 
858	-	2	-	1 0 1 1 1 1 0 1 1 1 
859	-	1	-	1 0 1 1 1 1 0 1 1 0 
860	-	3	-	1 0 1 1 1 1 0 0 1 0 
861	-	1	-	1 0 1 1 1 1 0 0 1 1 
862	-	2	-	1 0 1 1 1 1 0 0 0 1 
863	-	1	-	1 0 1 1 1 1 0 0 0 0 
864	-	6	-	1 0 1 1 0 1 0 0 0 0 
865	-	1	-	1 0 1 1 0 1 0 0 0 1 
866	-	2	-	1 0 1 1 0 1 0 0 1 1 
867	-	1	-	1 0 1 1 0 1 0 0 1 0 
868	-	3	-	1 0 1 1 0 1 0 1 1 0 
869	-	1	-	1 0 1 1 0 1 0 1 1 1 
870	-	2	-	1 0 1 1 0 1 0 1 0 1 
871	-	1	-	1 0 1 1 0 1 0 1 0 0 
872	-	4	-	1 0 1 1 0 1 1 1 0 0 
873	-	1	-	1 0 1 1 0 1 1 1 0 1 
874	-	2	-	1 0 1 1 0 1 1 1 1 1 
875	-	1	-	1 0 1 1 0 1 1 1 1 0 
876	-	3	-	1 0 1 1 0 1 1 0 1 0 
877	-	1	-	1 0 1 1 0 1 1 0 1 1 
878	-	2	-	1 0 1 1 0 1 1 0 0 1 
879	-	1	-	1 0 1 1 0 1 1 0 0 0 
880	-	5	-	1 0 1 1 0 0 1 0 0 0 
881	-	1	-	1 0 1 1 0 0 1 0 0 1 
882	-	2	-	1 0 1 1 0 0 1 0 1 1 
883	-	1	-	1 0 1 1 0 0 1 0 1 0 
884	-	3	-	1 0 1 1 0 0 1 1 1 0 
885	-	1	-	1 0 1 1 0 0 1 1 1 1 
886	-	2	-	1 0 1 1 0 0 1 1 0 1 
887	-	1	-	1 0 1 1 0 0 1 1 0 0 
888	-	4	-	1 0 1 1 0 0 0 1 0 0 
889	-	1	-	1 0 1 1 0 0 0 1 0 1 
890	-	2	-	1 0 1 1 0 0 0 1 1 1 
891	-	1	-	1 0 1 1 0 0 0 1 1 0 
892	-	3	-	1 0 1 1 0 0 0 0 1 0 
893	-	1	-	1 0 1 1 0 0 0 0 1 1 
894	-	2	-	1 0 1 1 0 0 0 0 0 1 
895	-	1	-	1 0 1 1 0 0 0 0 0 0 
896	-	8	-	1 0 0 1 0 0 0 0 0 0 
897	-	1	-	1 0 0 1 0 0 0 0 0 1 
898	-	2	-	1 0 0 1 0 0 0 0 1 1 
899	-	1	-	1 0 0 1 0 0 0 0 1 0 
900	-	3	-	1 0 0 1 0 0 0 1 1 0 
901	-	1	-	1 0 0 1 0 0 0 1 1 1 
902	-	2	-	1 0 0 1 0 0 0 1 0 1 
903	-	1	-	1 0 0 1 0 0 0 1 0 0 
904	-	4	-	1 0 0 1 0 0 1 1 0 0 
905	-	1	-	1 0 0 1 0 0 1 1 0 1 
906	-	2	-	1 0 0 1 0 0 1 1 1 1 
907	-	1	-	1 0 0 1 0 0 1 1 1 0 
908	-	3	-	1 0 0 1 0 0 1 0 1 0 
909	-	1	-	1 0 0 1 0 0 1 0 1 1 
910	-	2	-	1 0 0 1 0 0 1 0 0 1 
911	-	1	-	1 0 0 1 0 0 1 0 0 0 
912	-	5	-	1 0 0 1 0 1 1 0 0 0 
913	-	1	-	1 0 0 1 0 1 1 0 0 1 
914	-	2	-	1 0 0 1 0 1 1 0 1 1 
915	-	1	-	1 0 0 1 0 1 1 0 1 0 
916	-	3	-	1 0 0 1 0 1 1 1 1 0 
917	-	1	-	1 0 0 1 0 1 1 1 1 1 
918	-	2	-	1 0 0 1 0 1 1 1 0 1 
919	-	1	-	1 0 0 1 0 1 1 1 0 0 
920	-	4	-	1 0 0 1 0 1 0 1 0 0 
921	-	1	-	1 0 0 1 0 1 0 1 0 1 
922	-	2	-	1 0 0 1 0 1 0 1 1 1 
923	-	1	-	1 0 0 1 0 1 0 1 1 0 
924	-	3	-	1 0 0 1 0 1 0 0 1 0 
925	-	1	-	1 0 0 1 0 1 0 0 1 1 
926	-	2	-	1 0 0 1 0 1 0 0 0 1 
927	-	1	-	1 0 0 1 0 1 0 0 0 0 
928	-	6	-	1 0 0 1 1 1 0 0 0 0 
929	-	1	-	1 0 0 1 1 1 0 0 0 1 
930	-	2	-	1 0 0 1 1 1 0 0 1 1 
931	-	1	-	1 0 0 1 1 1 0 0 1 0 
932	-	3	-	1 0 0 1 1 1 0 1 1 0 
933	-	1	-	1 0 0 1 1 1 0 1 1 1 
934	-	2	-	1 0 0 1 1 1 0 1 0 1 
935	-	1	-	1 0 0 1 1 1 0 1 0 0 
936	-	4	-	1 0 0 1 1 1 1 1 0 0 
937	-	1	-	1 0 0 1 1 1 1 1 0 1 
938	-	2	-	1 0 0 1 1 1 1 1 1 1 
939	-	1	-	1 0 0 1 1 1 1 1 1 0 
940	-	3	-	1 0 0 1 1 1 1 0 1 0 
941	-	1	-	1 0 0 1 1 1 1 0 1 1 
942	-	2	-	1 0 0 1 1 1 1 0 0 1 
943	-	1	-	1 0 0 1 1 1 1 0 0 0 
944	-	5	-	1 0 0 1 1 0 1 0 0 0 
945	-	1	-	1 0 0 1 1 0 1 0 0 1 
946	-	2	-	1 0 0 1 1 0 1 0 1 1 
947	-	1	-	1 0 0 1 1 0 1 0 1 0 
948	-	3	-	1 0 0 1 1 0 1 1 1 0 
949	-	1	-	1 0 0 1 1 0 1 1 1 1 
950	-	2	-	1 0 0 1 1 0 1 1 0 1 
951	-	1	-	1 0 0 1 1 0 1 1 0 0 
952	-	4	-	1 0 0 1 1 0 0 1 0 0 
953	-	1	-	1 0 0 1 1 0 0 1 0 1 
954	-	2	-	1 0 0 1 1 0 0 1 1 1 
955	-	1	-	1 0 0 1 1 0 0 1 1 0 
956	-	3	-	1 0 0 1 1 0 0 0 1 0 
957	-	1	-	1 0 0 1 1 0 0 0 1 1 
958	-	2	-	1 0 0 1 1 0 0 0 0 1 
959	-	1	-	1 0 0 1 1 0 0 0 0 0 
960	-	7	-	1 0 0 0 1 0 0 0 0 0 
961	-	1	-	1 0 0 0 1 0 0 0 0 1 
962	-	2	-	1 0 0 0 1 0 0 0 1 1 
963	-	1	-	1 0 0 0 1 0 0 0 1 0 
964	-	3	-	1 0 0 0 1 0 0 1 1 0 
965	-	1	-	1 0 0 0 1 0 0 1 1 1 
966	-	2	-	1 0 0 0 1 0 0 1 0 1 
967	-	1	-	1 0 0 0 1 0 0 1 0 0 
968	-	4	-	1 0 0 0 1 0 1 1 0 0 
969	-	1	-	1 0 0 0 1 0 1 1 0 1 
970	-	2	-	1 0 0 0 1 0 1 1 1 1 
971	-	1	-	1 0 0 0 1 0 1 1 1 0 
972	-	3	-	1 0 0 0 1 0 1 0 1 0 
973	-	1	-	1 0 0 0 1 0 1 0 1 1 
974	-	2	-	1 0 0 0 1 0 1 0 0 1 
975	-	1	-	1 0 0 0 1 0 1 0 0 0 
976	-	5	-	1 0 0 0 1 1 1 0 0 0 
977	-	1	-	1 0 0 0 1 1 1 0 0 1 
978	-	2	-	1 0 0 0 1 1 1 0 1 1 
979	-	1	-	1 0 0 0 1 1 1 0 1 0 
980	-	3	-	1 0 0 0 1 1 1 1 1 0 
981	-	1	-	1 0 0 0 1 1 1 1 1 1 
982	-	2	-	1 0 0 0 1 1 1 1 0 1 
983	-	1	-	1 0 0 0 1 1 1 1 0 0 
984	-	4	-	1 0 0 0 1 1 0 1 0 0 
985	-	1	-	1 0 0 0 1 1 0 1 0 1 
986	-	2	-	1 0 0 0 1 1 0 1 1 1 
987	-	1	-	1 0 0 0 1 1 0 1 1 0 
988	-	3	-	1 0 0 0 1 1 0 0 1 0 
989	-	1	-	1 0 0 0 1 1 0 0 1 1 
990	-	2	-	1 0 0 0 1 1 0 0 0 1 
991	-	1	-	1 0 0 0 1 1 0 0 0 0 
992	-	6	-	1 0 0 0 0 1 0 0 0 0 
993	-	1	-	1 0 0 0 0 1 0 0 0 1 
994	-	2	-	1 0 0 0 0 1 0 0 1 1 
995	-	1	-	1 0 0 0 0 1 0 0 1 0 
996	-	3	-	1 0 0 0 0 1 0 1 1 0 
997	-	1	-	1 0 0 0 0 1 0 1 1 1 
998	-	2	-	1 0 0 0 0 1 0 1 0 1 
999	-	1	-	1 0 0 0 0 1 0 1 0 0 
1000	-	4	-	1 0 0 0 0 1 1 1 0 0 
1001	-	1	-	1 0 0 0 0 1 1 1 0 1 
1002	-	2	-	1 0 0 0 0 1 1 1 1 1 
1003	-	1	-	1 0 0 0 0 1 1 1 1 0 
1004	-	3	-	1 0 0 0 0 1 1 0 1 0 
1005	-	1	-	1 0 0 0 0 1 1 0 1 1 
1006	-	2	-	1 0 0 0 0 1 1 0 0 1 
1007	-	1	-	1 0 0 0 0 1 1 0 0 0 
1008	-	5	-	1 0 0 0 0 0 1 0 0 0 
1009	-	1	-	1 0 0 0 0 0 1 0 0 1 
1010	-	2	-	1 0 0 0 0 0 1 0 1 1 
1011	-	1	-	1 0 0 0 0 0 1 0 1 0 
1012	-	3	-	1 0 0 0 0 0 1 1 1 0 
1013	-	1	-	1 0 0 0 0 0 1 1 1 1 
1014	-	2	-	1 0 0 0 0 0 1 1 0 1 
1015	-	1	-	1 0 0 0 0 0 1 1 0 0 
1016	-	4	-	1 0 0 0 0 0 0 1 0 0 
1017	-	1	-	1 0 0 0 0 0 0 1 0 1 
1018	-	2	-	1 0 0 0 0 0 0 1 1 1 
1019	-	1	-	1 0 0 0 0 0 0 1 1 0 
1020	-	3	-	1 0 0 0 0 0 0 0 1 0 
1021	-	1	-	1 0 0 0 0 0 0 0 1 1 
1022	-	2	-	1 0 0 0 0 0 0 0 0 1 
1023	-	1	-	1 0 0 0 0 0 0 0 0 0 
